192
v -0.249735975458154 0.200143546716288 0
v -0.251858585016075 0.197175253846597 0
v -0.252186535887217 0.193895745135174 0
v -0.25251448675836 0.19061623642375 0
v -0.252842437629502 0.187336727712326 0
v -0.253170388500644 0.184057219000903 0
v -0.253498339371787 0.180777710289479 0
v -0.25382629024293 0.177498201578056 0
v -0.254154241114072 0.174218692866632 0
v -0.254482191985214 0.170939184155208 0
v -0.254903843105254 0.167472274945989 0
v -0.255559744847539 0.16353686449228 0
v -0.256215646589824 0.159601454038572 0
v -0.256871548332109 0.155666043584864 0
v -0.257527450074394 0.151730633131155 0
v -0.258183351816678 0.147795222677447 0
v -0.258839253558963 0.143859812223739 0
v -0.259495155301247 0.139924401770031 0
v -0.260151057043532 0.135988991316322 0
v -0.260806958785817 0.132053580862614 0
v -0.261275460030306 0.128492971404497 0
v -0.261603410901448 0.125213462693073 0
v -0.26193136177259 0.12193395398165 0
v -0.262259312643732 0.118654445270226 0
v -0.262587263514875 0.115374936558802 0
v -0.262915214386018 0.112095427847379 0
v -0.26324316525716 0.108815919135955 0
v -0.263571116128302 0.105536410424531 0
v -0.263899066999445 0.102256901713108 0
v -0.264227017870587 0.0989773930016844 0
v -0.271863588155759 0.0838916529291364 0
v -0.280718261676603 0.0668382076297334 0
v -0.289572935197447 0.0497847623303304 0
v -0.29842760871829 0.0327313170309274 0
v -0.307282282239134 0.0156778717315254 0
v -0.316136955759978 -0.0013755735678776 0
v -0.324991629280821 -0.0184290188672806 0
v -0.333846302801665 -0.0354824641666826 0
v -0.342700976322504 -0.0525359094660856 0
v -0.350524947105474 -0.0677153497875326 0
v -0.352164701461184 -0.0716507602412406 0
v -0.353804455816904 -0.0755861706949486 0
v -0.355444210172614 -0.0795215811486576 0
v -0.357083964528324 -0.0834569916023656 0
v -0.358723718884034 -0.0873924020560736 0
v -0.360363473239744 -0.0913278125097816 0
v -0.362003227595464 -0.0952632229634906 0
v -0.363642981951174 -0.0991986334171986 0
v -0.365282736306884 -0.103134043870908 0
v -0.366641389915904 -0.106647803204576 0
v -0.367625242529324 -0.109599361044857 0
v -0.368609095142754 -0.112550918885138 0
v -0.369592947756184 -0.115502476725419 0
v -0.370576800369614 -0.1184540345657 0
v -0.371560652983034 -0.121405592405982 0
v -0.372544505596464 -0.124357150246263 0
v -0.373528358209894 -0.127308708086544 0
v -0.374437477756044 -0.131683951947871 0
v -0.374719560859294 -0.134670557527779 0
v -0.375001643962544 -0.137657163107687 0
v -0.375283727065794 -0.140643768687595 0
v -0.375565810169054 -0.143630374267503 0
v -0.375847893272304 -0.146616979847411 0
v -0.376129976375554 -0.149603585427319 0
v -0.376412059478814 -0.152590191007228 0
v -0.376694142582064 -0.155576796587136 0
v -0.376976225685314 -0.158563402167044 0
v -0.377258308788564 -0.161550007746951 0
v -0.372723308246294 -0.160414792587293 0
v -0.366768920559664 -0.161311493144184 0
v -0.360814532873044 -0.162208193701075 0
v -0.354860145186414 -0.163104894257966 0
v -0.348905757499794 -0.164001594814858 0
v -0.343749265224694 -0.16485852483865 0
v -0.338991720655354 -0.165695569595892 0
v -0.334234176086021 -0.166532614353134 0
v -0.329476631516686 -0.167369659110376 0
v -0.324719086947351 -0.168206703867618 0
v -0.319143761699939 -0.168684571452196 0
v -0.311932875096375 -0.168444084691447 0
v -0.304721988492811 -0.168203597930697 0
v -0.297511101889246 -0.167963111169948 0
v -0.290300215285682 -0.167722624409199 0
v -0.287152742254976 -0.167090990943574 0
v -0.277126667235073 -0.165231030634319 0
v -0.266652745040826 -0.163048489664191 0
v -0.255967917172269 -0.160675503130556 0
v -0.24533795482172 -0.158292771797799 0
v -0.23478803747889 -0.156189685373097 0
v -0.224397472827917 -0.154570087772849 0
v -0.214259008378718 -0.153840866258126 0
v -0.204467989891364 -0.154026872478305 0
v -0.195040606440756 -0.155072716111343 0
v -0.187210054503861 -0.158498762479356 0
v -0.182902513949507 -0.159934609330807 0
v -0.178594973395152 -0.161370456182259 0
v -0.174287432840798 -0.16280630303371 0
v -0.169979892286444 -0.164242149885161 0
v -0.165672351732089 -0.165677996736613 0
v -0.161364811177735 -0.167113843588064 0
v -0.162237632747669 -0.167867962302001 0
v -0.161300614419173 -0.168804980630497 0
v -0.160363596090678 -0.169741998958992 0
v -0.159426577762182 -0.170679017287488 0
v -0.158489559433686 -0.171616035615983 0
v -0.157552541105191 -0.172553053944479 0
v -0.156615522776695 -0.173490072272974 0
v -0.1556785044482 -0.17442709060147 0
v -0.154741486119704 -0.175364108929965 0
v -0.153804467791209 -0.176301127258461 0
v -0.152624518784956 -0.17796693762023 0
v -0.151375161013628 -0.179840974277222 0
v -0.1501258032423 -0.181715010934213 0
v -0.148876445470973 -0.183589047591204 0
v -0.147627087699646 -0.185463084248195 0
v -0.146377729928318 -0.187337120905186 0
v -0.145128372156991 -0.189211157562177 0
v -0.143879014385664 -0.191085194219168 0
v -0.142629656614336 -0.192959230876159 0
v -0.141380298843009 -0.19483326753315 0
v -0.140304462984366 -0.196533782277457 0
v -0.13936744465587 -0.198095479491616 0
v -0.138430426327375 -0.199657176705775 0
v -0.137493407998879 -0.201218873919935 0
v -0.136556389670384 -0.202780571134094 0
v -0.135619371341888 -0.204342268348253 0
v -0.134682353013392 -0.205903965562412 0
v -0.133745334684897 -0.207465662776572 0
v -0.132808316356401 -0.209027359990731 0
v -0.131871298027906 -0.21058905720489 0
v -0.130517827108968 -0.212046641271438 0
v -0.128331451009145 -0.213295999042766 0
v -0.126145074909322 -0.214545356814093 0
v -0.123958698809499 -0.215794714585421 0
v -0.121772322709676 -0.217044072356748 0
v -0.119585946609854 -0.218293430128075 0
v -0.11739957051003 -0.219542787899403 0
v -0.115213194410208 -0.22079214567073 0
v -0.113026818310385 -0.222041503442058 0
v -0.110840442210562 -0.223290861213385 0
v -0.10830702228537 -0.224540218984712 0
v -0.102997251757229 -0.22578957675604 0
v -0.0976874812290871 -0.227038934527367 0
v -0.0923777107009461 -0.228288292298694 0
v -0.0870679401728052 -0.229537650070022 0
v -0.0817581696446642 -0.230787007841349 0
v -0.0764483991165221 -0.232036365612677 0
v -0.0711386285883802 -0.233285723384004 0
v -0.0658288580602392 -0.234535081155331 0
v -0.0605190875320981 -0.235784438926659 0
v -0.0552093170039561 -0.237033796697986 0
v -0.0324085376772322 -0.238283154469314 0
v -0.00742138225068412 -0.239532512240641 0
v 0.0175657731758628 -0.240781870011968 0
v 0.0425529286024099 -0.242031227783296 0
v 0.0675400840289578 -0.243280585554623 0
v 0.0925272394555049 -0.244529943325951 0
v 0.117514394882053 -0.245779301097278 0
v 0.1425015503086 -0.247028658868605 0
v 0.167488705735148 -0.248278016639933 0
v 0.192475861161695 -0.24952737441126 0
v 0.202678949627536 -0.250152053296924 0
v 0.205490004613022 -0.250464392739756 0
v 0.208301059598509 -0.250776732182588 0
v 0.211112114583996 -0.251089071625419 0
v 0.213923169569482 -0.251401411068251 0
v 0.216734224554969 -0.251713750511083 0
v 0.219545279540456 -0.252026089953915 0
v 0.222356334525942 -0.252338429396747 0
v 0.225167389511429 -0.252650768839579 0
v 0.227978444496915 -0.252963108282411 0
v 0.231483587133139 -0.253553082785537 0
v 0.235856339332785 -0.254490101114033 0
v 0.240229091532431 -0.255427119442529 0
v 0.244601843732077 -0.256364137771024 0
v 0.248974595931723 -0.257301156099519 0
v 0.253347348131368 -0.258238174428015 0
v 0.257720100331014 -0.259175192756511 0
v 0.26209285253066 -0.260112211085006 0
v 0.266465604730306 -0.261049229413502 0
v 0.270838356929952 -0.261986247741997 0
v 0.278195686027768 -0.262298587184829 0
v 0.295999034269183 -0.260424550527838 0
v 0.313802382510599 -0.258550513870847 0
v 0.331605730752014 -0.256676477213856 0
v 0.349409078993429 -0.254802440556865 0
v 0.367212427234844 -0.252928403899874 0
v 0.385015775476259 -0.251054367242883 0
v 0.402819123717675 -0.249180330585892 0
v 0.42062247195909 -0.247306293928901 0
v 0.438425820200504 -0.24543225727191 0
v 0.454613488094941 -0.243692342332143 0
v 0.460131237391522 -0.241873746580821 0
v 0.457028004225158 -0.236437917015054 0
v 0.45358666043766 -0.230459681229124 0
v 0.450182404758229 -0.224549604603542 0
v 0.446529667033898 -0.218232857313122 0
v 0.442872841390224 -0.211916837533836 0
v 0.439214459599607 -0.20560164363832 0
v 0.435561430928782 -0.199287227083055 0
v 0.431806477817597 -0.192769950973242 0
v 0.428191499079305 -0.186457095110175 0
v 0.424605142290149 -0.180144855460575 0
v 0.421054377918429 -0.173833183756918 0
v 0.420493328716255 -0.168181485130038 0
v 0.419268758997961 -0.164895628817533 0
v 0.418044189279668 -0.161609772505029 0
v 0.416819619561374 -0.158323916192524 0
v 0.41559504984308 -0.15503805988002 0
v 0.414370480124787 -0.151752203567515 0
v 0.413145910406493 -0.148466347255011 0
v 0.411921340688199 -0.145180490942506 0
v 0.409785409107125 -0.138455000560117 0
v 0.407649477526049 -0.131729510177727 0
v 0.405513545944975 -0.125004019795337 0
v 0.4033776143639 -0.118278529412948 0
v 0.401241682782825 -0.111553039030558 0
v 0.39910575120175 -0.104827548648168 0
v 0.396969819620675 -0.0981020582657776 0
v 0.3948338880396 -0.0913765678833886 0
v 0.393466845245428 -0.0862171167785606 0
v 0.392099802451256 -0.0810576656737326 0
v 0.390732759657084 -0.0758982145689056 0
v 0.389365716862912 -0.0707387634640776 0
v 0.38799867406874 -0.0655793123592496 0
v 0.386631631274568 -0.0604198612544226 0
v 0.38656812491771 -0.0526170569794836 0
v 0.384317815913016 -0.0451105035378046 0
v 0.382067506908322 -0.0376039500961246 0
v 0.379817197903628 -0.0300973966544446 0
v 0.377566888898934 -0.0225908432127646 0
v 0.375316579894241 -0.0150842897710846 0
v 0.373066270889547 -0.00757773632940456 0
v 0.370815961884853 -7.11828877255627E-05 0
v 0.368565652880159 0.00743537055395443 0
v 0.366315343875465 0.0149419239956344 0
v 0.364065034870771 0.0224484774373144 0
v 0.361814725866077 0.0299550308789934 0
v 0.357552120817655 0.0367632605514164 0
v 0.351820249127597 0.0517300046993454 0
v 0.346088377437538 0.0666967488472734 0
v 0.341333130792391 0.0665332701120114 0
v 0.336679506098901 0.0742842123655004 0
v 0.332025881405411 0.0820351546189904 0
v 0.327372256711922 0.0897860968724794 0
v 0.322718632018432 0.0975370391259694 0
v 0.318065007324942 0.105287981379458 0
v 0.313411382631452 0.113038923632948 0
v 0.308757757937962 0.120789865886437 0
v 0.304104133244472 0.128540808139927 0
v 0.299450508550982 0.136291750393416 0
v 0.294796883857492 0.144042692646906 0
v 0.290143259164002 0.151793634900395 0
v 0.285489634470512 0.159544577153885 0
v 0.280836009777022 0.167295519407374 0
v 0.276182385083532 0.175046461660864 0
v 0.271528760390042 0.182797403914354 0
v 0.266875135696552 0.190548346167843 0
v 0.262221511003062 0.198299288421333 0
v 0.257567886309572 0.206050230674822 0
v 0.252914261616082 0.213801172928312 0
v 0.248260636922592 0.221552115181801 0
v 0.246302639174372 0.228035153104571 0
v 0.241146568111012 0.234314383123488 0
v 0.237645866035048 0.239333245266021 0
v 0.234145163959085 0.244352107408555 0
v 0.230644461883122 0.249370969551088 0
v 0.227143759807158 0.254389831693621 0
v 0.223643057731195 0.259408693836154 0
v 0.220142355655231 0.264427555978687 0
v 0.215813969085569 0.270076602059413 0
v 0.211485582515907 0.275725648140138 0
v 0.207157195946246 0.281374694220863 0
v 0.202828809376584 0.287023740301589 0
v 0.198500422806922 0.292672786382314 0
v 0.19417203623726 0.29832183246304 0
v 0.189008428719566 0.303560804524083 0
v 0.183844821201871 0.308799776585127 0
v 0.178681213684177 0.314038748646171 0
v 0.173517606166482 0.319277720707215 0
v 0.168353998648787 0.324516692768259 0
v 0.163190391131092 0.329755664829302 0
v 0.15718402621103 0.333544304912791 0
v 0.151177661290967 0.337332944996279 0
v 0.145171296370904 0.341121585079767 0
v 0.139164931450841 0.344910225163255 0
v 0.133158566530779 0.348698865246744 0
v 0.127152201610716 0.352487505330232 0
v 0.119665358895758 0.352957870984593 0
v 0.1121785161808 0.353428236638954 0
v 0.104691673465843 0.353898602293315 0
v 0.0972048307508848 0.354368967947675 0
v 0.0897179880359269 0.354839333602036 0
v 0.0822311453209689 0.355309699256397 0
v 0.0776525030154569 0.355134808063896 0
v 0.0730738607099458 0.354959916871395 0
v 0.0684952184044338 0.354785025678894 0
v 0.0639165760989219 0.354610134486393 0
v 0.0593379337934098 0.354435243293891 0
v 0.0559692662953039 0.355745272058908 0
v 0.0507339149594759 0.354069622227228 0
v 0.0455086415595078 0.352026977105744 0
v 0.0403859086992309 0.349770244375645 0
v 0.0353350513155568 0.347361074718313 0
v 0.0302118644608989 0.344824661482671 0
v 0.0251172288359228 0.342274804818752 0
v 0.0199494563672108 0.33968652298873 0
v 0.0145917996707978 0.336979022180681 0
v 0.00890011699389981 0.334079419828199 0
v 0.00302752806745588 0.331058551145379 0
v -0.00296792625177411 0.327945884067132 0
v -0.00904051222700719 0.324773817072438 0
v -0.0151527135273442 0.321575369657123 0
v -0.0209460500985622 0.318541139261157 0
v -0.0264843137989051 0.31564140741768 0
v -0.0318486397230712 0.312838131538225 0
v -0.0372429905302282 0.310025762914484 0
v -0.0426671593259752 0.307204284329421 0
v -0.0483163755666671 0.304270822861533 0
v -0.0541889921665482 0.301225794101969 0
v -0.0602831950820102 0.298069663698279 0
v -0.0661913713420491 0.295013132139162 0
v -0.0719130171035491 0.292056241249966 0
v -0.0774476684869642 0.289199024106501 0
v -0.0830026043449892 0.286334711064714 0
v -0.0885770298467372 0.28346347614309 0
v -0.0943730296432411 0.280480380314307 0
v -0.100389113839804 0.277385818257487 0
v -0.106623752578162 0.274180193401286 0
v -0.112659970499119 0.271077505864565 0
v -0.118496979574217 0.268077859691572 0
v -0.124134031738558 0.265181350177022 0
v -0.129780351754994 0.262280156718682 0
v -0.135435144792639 0.259374453335035 0
v -0.141305318789295 0.25635762007423 0
v -0.147389668035609 0.253229989396488 0
v -0.153686946858666 0.249991902511561 0
v -0.159776003893621 0.246859523673564 0
v -0.165655766926667 0.243833019145642 0
v -0.17135837841377 0.240894144083462 0
v -0.177155317524901 0.237899607226957 0
v -0.183072668111675 0.234834591806475 0
v -0.189335928085504 0.231582176994606 0
v -0.195947059728447 0.22814092195604 0
v -0.202830328886247 0.224552498227628 0
v -0.209422230813184 0.22111377975213 0
v -0.215643124456532 0.217868617313224 0
v -0.221429649291859 0.214851994102886 0
v -0.226919020102495 0.211994066544212 0
v -0.232079531951129 0.209310927724219 0
v -0.237640801086962 0.206422181771349 0
v -0.243147086398051 0.203563158544186 0
v -0.249735975458154 0.200143546716288 0
